image_width: 1600
image_height: 1200
camera_name: UeyeCam
camera_matrix:
   rows: 3
   cols: 3
   data: [1703.43177373, 0.00000000, 767.40981001, 0.00000000, 1703.17843758, 552.59488956, 0.00000000, 0.00000000, 1.00000000]
distortion_model: plumb_bob
distortion_coefficients:
   rows: 1
   cols: 4
   data: [-0.12930577, 0.14700564, 0.00000000, 0.00000000]
rectification_matrix:
   rows: 3
   cols: 3
   data: [1.00000000, 0.00000000, 0.00000000, 0.00000000, 1.00000000, 0.00000000, 0.00000000, 0.00000000, 1.00000000]
projection_matrix:
   rows: 3
   cols: 4
   data: [1703.43177373, 0.00000000, 767.40981001, 0.00000000, 0.00000000, 1703.17843758, 552.59488956, 0.00000000, 0.00000000, 0.00000000, 1.00000000, 0.00000000]
